lastAccountName: CarlitosKami777
timestamps:
  login: 1609011235285
  logout: 1609013589138
  lastteleport: 1609012404647
ipAddress: 139.47.111.166
lastlocation:
  world: world
  x: 138.31797585566554
  y: 69.0
  z: 224.1860902844654
  yaw: 24.600073
  pitch: 5.850053
logoutlocation:
  world: world
  x: 547.6374876972131
  y: 63.0
  z: 243.9621632716947
  yaw: -90.29932
  pitch: 8.399987
money: '0'
