spawns: 
  default: 
    world: world
    x: 126.51995491888844
    y: 68.0
    z: 178.4150998881239
    yaw: 90.90004
    pitch: 15.749989
